1 11 22 30 60 42 14 98 70 35 97 29 23 87 65 69 59 25 44 47 19 36 33 37 73 69 55 80 99 8 34 74 46 38 93 58 6 95 96 24 26 20 9 83 6 35 54 9 18 53 14 15 2 31 76 2 90 72 14 74 30 81 87 32 75 11 50 51 55 72 75 63 80 84 13 87 20 92 23 79 0 40 30 21 91 6 88 60 33 28
2 80 9 59 30 84 27 53 27 59 41 76 99 0 81 7 94 80 48 98 11 20 58 39 84 20 66 61 54 17 86 14 81 14 78 83 60 4 14 96 2 73 92 17 71 0 73 13 14 23 86 80 73 97 10 76 7 9 20 46 1 45 59 30 26 37 51 60 42 97 85 73 30 65 71 18 92 25 69 38 49 91 24 27 5 76 81 44 69 62
4 45 30 13 88 51 27 17 100 19 40 8 41 6 65 67 4 39 83 31 12 61 35 31 34 66 44 8 4 92 0 82 75 81 57 84 33 32 15 16 85 22 30 73 12 24 77 13 14 42 68 33 99 87 68 2 6 34 70 21 40 10 51 63 57 23 91 56 100 81 91 48 54 3 70 11 10 29 24 81 38 48 84 33 21 21 79 59 94 8
7 84 92 21 83 55 16 16 59 65 84 3 9 88 91 29 62 95 6 29 51 9 84 40 15 79 39 2 57 9 67 80 67 36 25 66 40 44 24 66 16 85 35 96 0 22 33 35 37 78 70 3 66 17 78 4 62 8 40 73 25 82 50 78 7 85 100 92 5 11 93 66 35 20 78 58 69 68 71 42 40 50 20 15 76 8 8 37 18 2
8 70 35 23 20 54 67 78 69 33 21 87 97 47 57 77 79 10 46 77 6 88 44 81 97 3 48 1 47 34 22 7 55 87 83 77 89 39 42 73 46 94 8 97 26 59 93 16 98 64 63 81 32 75 19 15 69 53 0 90 0 66 76 24 44 49 92 55 1 89 56 39 99 75 44 56 20 15 46 33 87 18 84 93 42 6 56 21 33 78
8 54 22 93 1 1 0 31 60 11 21 30 27 28 83 25 28 46 34 61 54 66 90 86 20 39 28 49 58 60 26 22 23 72 48 54 64 96 8 12 35 72 84 1 90 26 39 32 14 16 61 72 57 75 91 19 98 42 85 4 74 73 82 88 18 20 15 40 23 66 87 69 57 51 75 97 0 64 58 74 34 55 58 21 21 45 37 53 25 70
8 50 78 24 40 78 59 100 10 86 74 46 72 38 15 37 19 6 42 64 11 97 88 48 62 7 58 67 53 89 47 82 87 80 39 50 49 9 17 82 58 52 87 83 54 32 93 8 93 49 26 49 86 7 9 78 36 64 57 93 83 7 55 100 60 84 85 83 90 89 50 26 63 31 30 1 84 66 90 92 15 17 37 19 69 23 22 11 23 15
9 56 31 40 40 55 76 67 31 35 69 63 51 43 79 98 100 93 73 38 40 0 44 47 79 47 27 23 91 21 72 56 77 70 44 20 85 69 64 27 97 46 29 34 79 78 34 9 28 43 84 98 3 66 12 14 71 90 53 27 29 50 90 61 75 92 78 8 74 83 86 9 35 12 9 41 6 89 28 80 92 93 43 22 70 60 5 55 36 48
10 17 67 69 76 29 32 47 15 68 77 78 62 92 93 49 95 30 97 74 14 83 68 52 67 13 35 25 64 96 17 72 44 65 6 58 4 88 62 84 62 98 53 54 51 19 27 54 41 34 13 86 31 79 77 44 89 91 43 4 2 42 24 25 72 63 80 62 3 76 20 85 26 30 87 82 27 16 18 46 75 55 74 100 63 14 84 75 17 39
11 92 25 50 8 2 76 80 11 81 96 6 72 83 86 28 63 66 8 35 20 10 47 75 100 27 22 27 25 38 32 1 41 92 79 33 86 18 94 52 50 42 8 13 43 87 85 50 90 32 48 5 36 21 71 20 66 45 48 86 1 9 100 49 78 20 7 35 98 0 99 25 80 42 86 67 64 30 38 19 81 100 26 37 1 16 57 83 35 71
11 88 12 19 40 99 60 54 12 61 17 59 0 5 42 84 79 0 49 39 35 37 28 54 92 33 68 43 85 12 77 60 28 71 48 36 19 75 29 47 61 75 84 95 95 24 23 95 22 4 50 80 38 2 64 26 8 93 24 77 44 77 76 90 92 63 23 52 85 68 93 87 19 57 2 7 69 11 90 41 25 78 44 15 61 59 14 26 85 70
11 75 13 61 83 1 9 77 39 30 30 47 3 63 22 81 52 26 80 63 16 64 18 99 78 45 12 12 29 39 41 90 47 12 32 50 7 25 76 72 50 3 67 22 31 61 6 3 14 87 77 56 72 32 92 43 11 9 87 79 67 81 5 22 100 31 23 44 33 78 28 45 90 6 73 19 37 82 83 1 6 10 81 91 19 45 37 27 73 53
11 37 83 55 13 49 68 68 55 44 25 15 20 53 18 23 25 65 84 62 8 39 14 67 10 84 71 8 61 7 82 100 29 24 63 15 0 56 61 2 40 99 40 16 40 91 75 28 2 3 93 28 48 78 93 16 19 9 48 16 92 36 59 52 95 12 95 100 18 22 23 57 99 19 75 83 96 49 4 36 18 29 53 56 64 16 43 20 93 28
14 21 88 35 81 46 88 13 82 72 96 65 83 26 5 83 50 73 43 32 33 46 58 88 6 64 37 73 78 98 41 92 45 7 98 4 38 63 98 51 44 64 29 47 51 31 40 34 89 48 100 57 97 59 86 25 11 41 42 78 95 57 34 16 4 14 100 6 71 27 65 51 97 18 21 90 44 64 27 6 66 82 26 22 39 91 74 35 79 84
14 13 94 67 74 45 9 10 60 64 54 79 86 74 80 84 76 12 1 33 42 91 86 57 30 34 96 19 19 8 30 72 75 0 70 81 89 16 85 63 15 55 96 70 58 62 90 62 21 44 97 8 60 85 70 7 72 27 44 85 35 17 72 34 4 71 56 10 13 96 82 31 30 11 80 78 70 1 53 16 23 17 28 95 100 62 31 60 53 24
16 29 37 54 98 45 65 73 48 40 6 69 72 57 18 42 81 60 23 48 15 0 16 47 92 41 98 90 12 40 45 8 61 73 49 83 6 3 21 93 32 100 80 73 67 38 75 78 19 87 86 70 92 91 36 29 54 8 36 38 71 27 9 45 40 34 89 19 6 89 27 26 62 10 40 14 35 33 39 74 73 8 27 77 37 61 96 95 5 17
17 0 41 82 99 18 20 94 30 1 96 91 76 12 74 66 0 91 16 100 64 88 73 34 93 40 99 97 61 51 29 19 4 46 95 92 96 20 28 22 66 84 87 42 14 86 30 28 0 28 6 22 87 33 58 30 51 62 22 42 16 75 45 57 73 41 2 0 54 56 7 67 67 37 71 61 11 25 54 38 61 13 33 97 1 67 94 62 41 70
18 92 24 98 39 24 41 37 2 87 84 63 55 71 47 40 71 71 72 91 23 16 95 29 97 52 100 61 26 66 96 15 33 74 43 46 88 61 57 67 90 26 30 88 21 54 72 6 8 62 98 20 39 46 41 78 78 82 99 77 97 24 17 37 48 14 4 43 38 61 40 61 1 74 33 29 66 78 15 11 75 92 66 13 63 35 50 69 61 16
19 20 38 94 33 95 98 100 62 93 92 17 98 58 55 23 0 42 9 15 19 31 77 76 72 81 50 23 41 57 23 56 35 77 66 14 97 71 92 94 16 99 71 36 68 52 15 60 37 83 91 93 64 92 63 47 43 10 28 87 41 91 86 47 74 78 20 51 98 46 16 14 88 100 78 90 11 69 94 60 18 52 62 12 2 98 75 14 18 95
21 72 93 56 83 20 92 32 17 16 71 50 81 57 91 96 30 83 47 41 96 38 12 32 97 27 28 72 16 13 76 48 22 53 66 40 42 18 54 24 54 11 6 64 84 12 18 41 17 10 60 22 39 66 39 19 67 48 92 27 33 59 70 78 56 68 75 70 25 36 83 62 65 20 80 5 6 4 60 18 36 63 50 2 30 39 20 2 96 78
22 26 84 79 11 34 95 83 55 55 69 18 61 61 85 71 23 93 29 15 32 60 5 3 31 89 3 40 17 5 66 38 46 16 17 52 91 54 70 2 75 38 15 34 26 18 53 26 97 50 39 12 91 4 86 82 21 38 27 19 15 26 81 55 20 100 78 53 17 89 1 27 27 7 7 61 73 52 24 98 17 43 28 64 52 16 49 99 61 90
23 20 75 86 63 71 76 41 6 29 17 14 79 85 51 86 61 17 14 26 20 75 16 75 64 59 14 39 38 4 44 16 4 53 27 5 40 98 99 56 52 20 71 61 66 89 38 100 39 84 100 21 54 79 24 6 34 4 56 18 19 88 23 8 98 30 34 36 81 44 30 82 4 82 75 15 62 22 66 39 8 45 53 74 88 72 88 20 38 92
25 4 7 93 50 81 72 9 4 47 51 51 62 9 94 84 84 41 89 71 79 24 59 59 10 71 65 69 67 63 98 40 91 65 78 78 99 21 74 30 3 35 8 9 53 24 38 7 92 14 75 27 87 44 23 45 24 70 70 9 64 48 89 72 71 94 38 65 74 10 25 58 87 64 18 22 29 1 68 50 64 90 68 59 28 77 10 89 59 2
27 38 27 40 71 60 3 49 42 56 68 17 9 43 62 16 0 21 77 46 57 83 74 22 3 87 9 76 16 98 3 96 25 36 8 75 61 46 55 64 61 90 44 53 84 60 91 38 37 39 18 83 51 16 82 23 80 68 11 89 50 87 87 10 59 55 36 92 73 0 5 93 39 32 1 62 61 32 34 91 4 52 8 43 99 100 57 53 98 70
28 49 27 43 79 61 69 6 66 62 61 19 67 4 14 87 48 54 49 80 38 99 90 58 29 97 58 25 29 29 81 13 44 18 42 23 92 61 60 74 52 76 72 30 25 5 84 93 50 98 77 72 36 29 40 67 36 80 18 48 99 53 30 93 73 86 33 40 67 56 58 81 32 77 8 31 82 19 26 57 12 49 36 92 85 62 45 73 14 40
30 98 14 64 7 2 9 44 53 59 30 88 46 21 97 52 81 58 48 45 94 65 22 47 41 40 51 7 24 44 84 44 67 77 95 39 56 94 95 50 55 89 26 36 41 10 98 94 95 55 43 18 28 30 85 76 74 8 30 53 79 31 3 76 74 81 48 79 90 30 39 80 59 28 64 99 22 53 65 10 40 33 86 32 46 25 39 3 70 88
30 83 20 13 16 37 94 97 10 4 43 38 6 14 56 18 74 76 91 4 94 77 56 50 69 33 99 2 32 42 82 97 60 61 79 93 75 18 75 83 77 81 86 87 22 96 42 27 10 39 22 80 66 49 93 49 49 15 96 18 73 56 93 94 40 19 92 89 56 77 10 7 49 50 72 7 82 44 19 24 77 84 56 99 79 49 99 49 47 43
31 33 53 63 84 97 90 93 70 81 32 46 79 73 77 60 68 84 67 64 22 80 85 86 74 67 50 45 91 76 26 20 44 84 53 34 98 61 34 27 12 88 52 31 62 12 94 10 100 61 52 31 13 57 44 92 9 4 52 99 7 40 43 91 48 53 35 61 3 66 91 78 98 27 19 77 32 26 6 50 90 93 12 75 58 66 23 5 3 29
32 48 37 8 28 68 56 58 13 98 45 17 78 32 71 19 78 65 87 13 25 79 29 2 14 67 86 78 19 18 97 61 36 81 4 25 7 40 77 96 6 74 48 52 91 27 39 39 67 25 53 4 82 45 23 53 58 77 73 62 81 71 90 75 29 44 79 92 81 82 99 59 15 32 74 94 80 26 56 92 45 24 1 78 11 46 64 30 73 23
33 37 8 17 26 5 22 61 18 29 98 8 82 37 29 79 22 18 15 54 56 47 33 91 2 11 98 56 49 49 1 91 30 67 36 32 73 74 14 28 67 80 56 6 60 66 53 97 50 19 7 14 89 68 100 59 69 42 81 9 49 1 13 2 52 83 87 81 17 26 13 43 40 41 31 66 57 76 52 46 50 67 96 11 74 42 34 79 58 18
35 45 67 20 80 53 30 43 18 80 78 65 20 22 74 55 6 89 89 11 39 3 70 11 5 37 70 68 60 60 47 29 70 54 46 41 96 13 58 87 32 11 86 26 25 52 6 10 77 89 86 77 15 81 34 97 10 58 19 56 83 70 39 80 69 85 18 94 75 68 92 15 15 47 66 47 6 30 2 91 81 91 42 78 69 69 87 90 4 9
39 4 55 80 3 90 83 77 51 74 78 46 15 56 72 63 100 0 53 99 20 10 32 72 0 42 74 72 32 76 18 83 95 37 38 34 2 88 99 83 87 32 85 28 87 75 69 12 46 28 15 19 52 41 30 70 97 15 11 98 33 79 96 23 70 6 43 87 14 94 99 7 19 73 48 70 27 28 4 73 53 46 50 71 96 14 26 58 53 95
42 38 38 46 97 22 32 47 43 99 66 82 91 77 30 26 41 80 42 31 3 84 86 78 91 84 59 50 69 21 84 79 17 89 93 42 34 74 27 76 56 89 39 45 80 25 16 6 65 16 71 79 70 9 55 54 21 93 45 20 26 13 97 92 52 22 71 95 76 77 68 64 98 0 56 98 9 61 30 87 97 81 97 89 51 11 49 95 5 38
44 6 36 40 53 75 96 75 83 44 19 0 59 40 93 8 94 77 70 66 3 36 37 90 71 89 19 13 94 99 89 75 79 46 96 66 11 94 31 61 78 33 7 8 14 83 32 49 26 17 27 54 87 47 43 26 42 87 80 18 38 100 79 19 40 54 81 66 65 85 87 1 2 0 49 58 37 43 54 74 35 95 34 12 60 82 35 25 9 72
45 97 49 96 56 0 67 12 47 12 42 26 98 32 11 99 89 75 19 37 18 94 56 6 21 31 33 29 8 19 49 44 85 0 31 16 6 3 60 45 28 92 91 60 48 4 7 97 88 56 9 61 4 85 100 15 56 95 57 12 28 17 87 8 52 78 7 26 3 25 63 75 75 11 71 47 50 69 53 22 15 99 81 1 28 2 51 26 29 69
46 32 69 59 3 91 3 83 40 42 77 47 22 22 14 35 7 66 50 59 97 57 71 0 62 15 87 0 83 29 55 81 20 18 49 61 77 29 40 70 11 84 60 18 20 32 41 12 27 34 25 80 91 33 90 77 12 17 77 85 50 23 75 68 76 37 94 52 35 51 32 23 55 20 28 83 28 81 79 71 56 31 25 16 20 89 84 71 35 29
46 7 61 76 49 15 57 36 87 28 51 83 42 16 35 100 58 78 34 77 13 16 38 100 8 48 68 96 69 82 96 58 87 87 90 60 25 69 44 19 65 45 6 38 20 60 16 62 57 9 46 9 66 91 56 89 75 29 53 52 60 55 46 2 5 85 26 46 14 65 20 78 1 50 54 95 69 60 84 34 80 78 27 35 12 8 11 52 16 74
48 26 96 98 48 28 20 86 33 89 56 55 32 42 84 17 61 24 53 44 46 66 59 37 82 6 30 91 91 48 54 60 86 60 21 60 49 48 71 75 11 32 72 62 27 89 5 77 65 70 44 12 17 26 11 94 15 54 29 12 29 65 91 96 51 89 67 70 23 98 77 23 8 14 51 93 10 80 76 51 81 48 99 10 32 18 98 82 99 4
50 8 91 32 63 14 18 35 27 58 22 53 22 46 9 67 27 44 23 70 52 14 30 38 82 0 80 12 67 47 44 1 90 46 68 81 82 0 38 8 69 88 45 94 6 89 77 95 10 77 74 42 57 48 72 2 54 79 15 9 56 40 76 56 41 59 78 78 43 41 40 25 6 9 49 30 33 68 65 55 50 52 91 30 83 30 64 59 22 51
51 50 58 14 0 83 60 54 27 75 8 17 64 17 50 67 5 75 64 55 36 61 74 12 88 51 89 2 17 90 25 44 84 29 47 68 72 12 31 59 44 0 37 88 39 14 20 22 80 63 16 5 27 52 68 2 63 8 66 43 0 75 25 66 50 67 69 57 72 4 2 17 33 50 85 92 93 10 11 46 56 79 23 46 48 96 72 86 54 36
52 48 56 21 46 60 15 39 95 33 56 61 75 6 35 98 17 44 13 17 69 13 10 59 73 96 12 5 57 77 53 48 68 70 99 57 39 39 48 34 48 22 78 81 90 50 91 78 39 15 95 73 76 91 30 19 35 46 10 3 33 64 27 22 53 14 27 70 14 33 8 91 51 38 64 28 37 12 50 45 75 40 12 65 80 97 55 55 89 45
53 78 35 46 36 62 41 11 32 56 73 2 38 52 20 90 63 37 26 22 90 68 18 82 73 54 38 15 80 75 43 91 1 6 73 3 85 35 88 94 45 80 95 30 90 36 54 28 48 74 40 1 97 10 5 97 77 96 66 42 56 48 55 32 96 41 53 27 91 52 81 96 37 62 82 5 50 68 100 27 78 41 14 95 78 25 45 30 66 83
53 41 25 46 79 59 84 57 18 31 54 45 69 33 39 98 96 97 25 35 78 56 47 99 30 18 74 87 64 53 65 46 94 5 91 32 19 90 9 17 94 49 81 17 93 48 17 74 45 12 45 0 48 63 83 4 54 49 69 16 57 29 54 74 41 11 11 10 6 33 87 93 0 11 75 16 65 93 36 30 49 8 31 51 28 92 17 86 26 18
54 36 80 75 53 90 98 88 94 67 75 23 29 62 96 34 52 61 17 37 93 50 26 40 41 5 32 38 84 10 38 49 15 86 8 34 48 56 77 5 95 0 49 29 37 45 1 97 91 22 52 95 13 59 49 70 85 35 0 37 32 4 53 67 45 63 62 95 69 65 14 56 73 54 78 56 57 43 33 35 76 27 59 49 77 83 76 46 32 12
57 12 39 55 77 12 17 10 52 8 7 6 24 73 77 100 19 40 17 47 3 5 0 53 1 16 81 81 25 85 48 0 12 16 86 27 71 93 52 2 66 75 36 69 1 36 52 60 70 26 55 70 92 45 54 43 10 6 42 80 77 24 63 73 56 91 16 79 36 85 92 63 33 34 73 2 8 69 0 68 56 51 34 14 78 11 37 21 50 18
57 7 49 59 41 40 41 82 97 20 19 84 53 63 48 56 47 38 9 76 37 28 91 25 85 49 71 54 18 94 84 17 25 74 58 97 74 39 21 64 96 56 24 68 17 40 19 23 82 21 13 66 12 66 97 30 88 4 96 13 46 6 32 32 43 73 1 17 86 30 72 58 58 97 68 25 3 99 90 25 25 21 55 61 37 64 58 100 83 32
58 79 40 85 61 5 31 53 40 75 14 72 69 51 46 16 59 29 87 68 78 95 7 23 79 62 32 62 36 25 91 96 34 97 11 63 48 73 64 57 66 63 18 70 33 19 35 5 33 79 58 7 27 55 28 56 85 27 41 32 49 21 73 7 24 78 71 69 86 43 91 72 0 14 93 4 19 74 61 95 75 37 70 16 27 81 70 23 12 40
58 20 70 77 51 15 83 78 64 51 13 73 76 60 10 30 40 94 38 25 58 23 95 85 11 13 56 89 36 85 32 19 38 22 83 51 45 38 71 3 1 79 36 62 41 57 89 63 32 1 66 49 82 87 34 68 12 62 78 6 55 72 9 78 95 28 6 7 3 54 15 93 11 79 65 80 41 10 97 20 61 10 25 9 28 83 76 34 84 50
59 65 43 56 4 56 16 22 6 14 41 30 89 67 56 0 90 32 13 65 46 12 49 77 9 79 25 38 15 51 2 32 30 14 10 85 100 94 1 90 52 76 48 71 100 23 97 15 48 97 23 10 70 48 83 1 31 88 78 73 10 93 10 58 30 45 20 15 90 20 36 77 34 36 75 43 11 25 53 88 22 3 25 80 35 91 44 89 30 67
59 64 10 95 91 15 65 14 91 5 45 68 37 91 6 57 89 66 53 79 97 90 47 0 67 63 64 4 54 90 66 23 26 57 21 95 48 96 42 87 35 23 59 8 78 28 37 68 73 56 87 68 87 16 0 16 10 89 65 74 40 45 29 13 4 72 8 80 40 80 19 98 90 38 6 5 76 12 54 28 78 54 80 17 46 22 13 63 28 60
59 20 65 15 48 24 45 18 89 24 60 98 24 61 63 54 94 34 47 66 98 21 86 38 56 74 49 59 49 22 72 35 24 76 21 62 63 41 25 84 92 75 81 35 91 22 53 9 14 63 18 89 36 4 79 10 48 65 95 57 25 52 43 71 18 58 67 37 7 66 1 25 85 80 26 98 42 59 29 0 69 76 13 62 79 28 12 96 82 23
60 63 82 60 90 66 67 10 90 43 4 100 13 34 70 13 23 93 38 43 38 2 56 52 54 57 11 40 78 32 46 15 25 51 64 49 32 66 16 98 5 96 60 24 35 75 0 86 89 78 12 100 40 35 19 58 29 41 34 79 29 4 26 68 34 5 74 52 28 68 33 20 68 95 20 55 68 49 28 85 83 23 39 7 49 70 88 36 59 91
61 75 11 30 28 22 24 27 29 11 52 16 4 11 10 29 86 32 88 74 55 54 35 36 0 63 87 15 57 59 25 45 58 77 92 10 32 84 57 25 41 76 61 95 69 88 18 55 27 44 15 95 81 59 6 58 20 37 57 79 21 16 90 83 18 77 39 7 12 20 94 99 35 44 36 90 6 80 52 98 65 45 32 63 95 48 35 11 67 65
61 7 63 39 57 13 13 33 0 53 81 83 100 55 51 66 84 33 52 79 47 78 51 65 32 78 81 29 39 1 72 55 65 17 91 37 22 44 71 73 93 90 95 5 56 74 42 3 58 94 68 65 97 70 24 31 13 64 88 57 94 4 25 12 57 37 45 96 71 96 56 54 17 15 7 93 6 88 37 17 41 19 29 93 98 44 91 70 25 1
64 85 83 68 94 44 40 59 94 14 94 56 9 64 69 98 50 98 84 13 56 55 34 13 57 19 65 97 55 56 66 49 72 86 71 54 67 15 95 19 17 40 17 69 47 89 92 60 62 83 45 41 10 40 53 30 71 16 81 30 12 60 49 62 86 90 67 17 39 74 41 49 55 43 57 95 25 30 69 17 59 4 36 94 89 92 70 7 86 23
64 24 65 53 2 93 8 90 25 100 54 23 83 57 85 93 59 2 39 84 15 61 1 3 9 50 7 6 68 74 26 42 94 62 86 13 42 13 54 51 86 93 90 84 69 50 81 54 15 44 28 0 93 41 73 86 52 86 96 46 9 78 10 91 25 80 29 54 63 36 42 6 4 89 14 87 100 15 14 95 74 1 54 89 49 67 22 44 51 99
64 9 97 66 27 22 97 10 58 76 27 28 86 20 46 89 86 18 82 83 16 80 58 67 23 90 46 97 49 8 95 63 15 82 74 76 4 86 42 78 84 51 1 64 93 43 47 20 39 0 75 93 8 76 27 7 84 94 42 40 44 97 58 30 37 69 48 96 59 9 39 73 50 36 16 52 19 91 27 94 97 46 45 25 20 12 27 62 57 85
66 22 32 78 61 96 85 75 97 20 98 51 91 86 13 30 93 28 61 0 96 53 23 91 13 5 19 11 20 58 81 92 83 27 53 92 39 49 60 41 39 44 33 1 80 7 25 52 91 27 81 75 98 90 22 38 52 37 20 1 85 77 29 77 72 45 84 25 21 92 80 48 90 35 67 60 42 12 46 71 58 54 59 35 80 34 43 35 56 85
68 5 28 37 92 34 18 80 35 52 28 32 1 83 22 30 100 2 19 79 33 99 92 89 81 96 92 88 82 60 4 10 58 29 20 14 30 98 29 24 48 31 55 40 25 42 29 87 14 35 67 32 61 90 96 82 45 41 10 63 54 28 6 50 82 5 85 96 78 31 79 14 68 97 62 71 49 53 87 26 65 49 70 59 16 31 17 88 18 52
71 97 75 45 24 46 60 76 21 80 61 51 45 18 14 57 33 27 38 8 18 90 40 87 50 82 16 96 18 98 83 10 34 61 66 62 54 1 38 92 77 27 41 50 19 13 31 52 95 12 62 80 17 34 98 29 7 7 88 16 56 30 4 26 53 61 17 7 12 70 23 61 95 42 14 33 66 44 44 7 64 55 43 75 79 75 22 65 9 25
72 9 59 44 53 82 49 78 71 30 96 3 6 69 20 36 68 85 13 85 16 5 38 59 1 12 40 93 99 65 13 81 80 99 72 87 66 44 45 93 9 8 86 3 61 61 6 76 73 100 92 95 23 24 32 68 55 59 2 87 32 16 94 53 80 80 91 38 43 15 36 79 0 23 47 53 81 12 38 2 74 24 36 33 73 30 41 27 67 57
73 3 20 90 88 25 81 73 74 29 62 14 19 31 32 54 37 25 92 28 41 3 23 58 95 6 72 45 85 13 5 18 2 39 88 74 11 27 42 34 60 59 43 20 91 3 59 55 12 5 3 85 58 88 34 15 22 32 67 40 37 3 98 82 83 50 72 16 40 33 84 79 87 39 84 7 8 1 69 8 52 53 47 54 41 48 2 75 52 89
75 85 80 98 77 72 38 87 86 78 80 10 51 2 32 85 17 82 83 91 44 16 97 59 17 38 59 79 14 81 27 84 3 3 12 84 21 35 11 81 47 2 44 34 97 100 46 23 66 4 10 96 26 64 2 13 16 41 85 73 67 53 10 16 92 70 63 63 28 98 51 88 41 66 67 25 12 86 66 49 6 22 94 74 11 78 35 95 90 49
75 34 58 4 57 52 31 92 19 62 66 99 17 37 67 81 68 12 35 22 24 17 50 58 83 98 79 83 60 20 71 59 97 53 59 58 51 48 53 89 25 69 98 72 34 53 54 64 43 39 74 61 0 44 21 58 89 97 88 39 20 84 80 6 18 75 64 57 51 63 91 30 64 95 50 31 50 61 16 25 31 26 92 93 22 62 83 98 58 28
76 77 0 10 5 31 24 31 73 53 79 97 50 81 19 94 40 29 65 78 47 77 80 34 10 6 67 32 28 36 31 23 25 56 98 84 94 4 1 77 95 87 63 81 72 86 68 47 54 89 84 13 38 58 39 66 79 87 20 10 70 90 71 71 27 39 36 4 5 66 77 87 86 73 99 72 49 88 33 66 33 13 10 65 32 91 59 62 75 27
76 55 44 30 97 90 26 30 0 16 15 39 31 4 73 9 77 73 20 29 58 82 47 53 19 69 83 40 62 72 56 10 21 90 61 67 0 65 96 70 77 96 35 68 13 72 66 82 35 17 45 55 67 38 82 70 13 7 3 62 5 71 26 73 67 27 89 82 48 75 94 41 75 71 21 77 83 35 12 34 2 81 77 31 97 36 67 50 5 37
77 80 0 99 56 83 53 72 62 6 39 56 38 83 97 84 41 52 6 68 86 90 81 41 95 85 76 90 16 5 77 21 38 3 52 99 24 82 0 17 42 91 40 99 23 45 68 93 44 71 100 25 32 34 40 54 12 11 80 8 96 58 18 89 6 82 66 93 18 93 69 47 4 66 88 75 63 54 61 37 56 58 24 2 99 59 92 64 30 60
78 65 13 82 73 47 29 7 44 18 82 85 86 41 13 37 15 52 14 97 20 90 23 30 14 4 68 2 32 91 44 49 83 24 80 21 35 42 10 47 85 53 33 29 71 83 38 72 92 84 23 48 93 8 41 6 16 11 20 66 100 52 9 57 29 53 100 8 63 31 61 22 60 79 55 32 78 67 66 73 66 6 69 45 34 43 69 78 98 1
79 40 33 20 17 100 29 7 26 30 57 12 83 76 10 7 5 98 29 7 70 97 98 80 75 83 77 46 24 10 34 63 6 93 43 19 23 83 98 93 36 2 34 98 90 17 31 94 45 77 73 89 26 83 72 29 47 73 52 46 80 89 67 6 80 76 77 6 53 23 49 81 8 58 99 31 33 40 45 15 98 65 53 51 77 50 22 62 73 39
80 25 62 80 18 42 61 91 89 98 69 87 71 79 90 53 59 60 99 65 28 24 38 8 62 7 56 17 73 5 24 35 5 80 7 49 26 46 93 38 28 81 100 0 61 95 44 50 97 21 39 22 33 31 67 80 77 45 38 5 80 73 57 92 56 4 7 98 62 3 14 55 42 10 88 30 96 16 22 84 98 78 83 96 69 32 12 72 71 4
83 15 66 3 39 55 7 89 28 71 82 49 16 46 2 66 87 52 61 7 49 68 54 54 34 17 53 93 58 70 29 69 46 1 98 35 31 10 78 62 12 76 40 7 82 13 65 90 26 26 54 61 13 86 44 35 87 41 36 29 36 58 24 92 96 51 72 95 3 58 4 99 74 14 21 69 44 62 18 71 54 11 39 0 65 37 7 71 53 4
84 82 82 68 28 77 24 38 18 51 70 35 76 81 38 37 83 15 70 72 41 24 62 69 85 30 7 14 87 52 38 58 79 37 58 4 52 94 63 57 39 34 33 84 37 69 81 16 6 12 70 49 29 63 78 92 42 88 57 22 13 83 82 46 16 66 62 48 75 17 46 74 53 69 45 53 2 72 41 60 13 91 34 52 45 54 82 51 12 74
85 73 82 92 24 48 69 88 12 54 34 94 69 86 92 54 43 51 19 15 64 78 33 91 79 6 1 55 56 8 1 0 43 43 49 68 15 87 82 52 85 64 10 31 100 36 64 58 45 59 20 70 54 37 14 81 100 54 24 86 65 25 34 48 60 56 0 56 17 85 92 84 13 91 10 73 64 80 90 0 72 69 36 97 20 0 5 84 32 18
85 70 28 75 50 64 65 34 20 74 14 43 43 4 6 29 40 99 49 74 8 73 17 83 8 23 31 93 31 16 48 35 56 52 19 43 1 65 7 1 6 60 38 98 7 14 19 2 39 1 52 3 81 8 55 30 20 79 80 58 35 79 61 14 77 24 71 80 8 83 39 92 94 82 69 2 48 19 67 26 28 16 4 31 66 96 79 40 19 17
85 7 97 4 3 87 71 34 16 3 87 31 13 61 48 12 94 26 81 63 87 64 30 46 14 38 87 38 89 29 20 5 74 75 19 67 28 54 39 55 72 20 20 67 68 93 30 9 55 77 90 80 43 3 23 96 54 16 15 65 47 13 50 13 4 80 66 34 16 2 17 75 2 68 95 26 57 85 72 92 73 89 52 19 46 58 81 66 71 87
87 34 78 55 23 14 24 3 94 7 67 81 89 91 98 31 28 25 75 82 27 19 65 26 43 52 45 22 84 35 8 3 29 55 31 65 62 24 7 4 69 21 31 37 27 85 11 26 94 75 62 50 5 18 88 87 5 47 55 29 33 52 74 36 89 13 100 28 68 93 37 60 74 38 72 2 88 56 43 40 66 13 39 91 45 43 41 55 16 74
88 11 33 75 21 52 23 1 35 99 55 77 3 52 79 52 85 52 13 99 2 62 25 1 77 57 14 54 65 18 62 53 58 5 22 15 46 65 29 53 96 61 50 27 77 90 41 37 86 92 69 61 1 78 60 12 99 33 38 78 31 89 63 88 62 67 22 15 97 8 98 64 37 11 18 41 60 1 80 65 67 81 77 34 68 14 46 99 5 0
90 20 8 34 65 26 20 48 28 40 56 23 93 60 92 82 12 25 90 8 22 36 38 32 76 13 98 77 44 68 11 51 43 32 31 37 75 6 14 77 98 89 63 7 8 18 44 97 40 5 67 22 17 92 13 34 72 8 4 66 73 98 30 41 12 56 44 85 84 23 23 21 35 58 56 41 5 7 100 23 32 8 41 99 75 33 47 1 65 38
92 15 97 57 49 7 80 53 81 35 16 52 40 65 1 75 62 57 13 39 17 40 20 86 90 33 89 41 23 8 60 8 100 21 51 40 94 62 58 24 26 28 12 37 88 0 48 2 81 36 33 67 8 92 77 59 75 66 23 62 25 35 19 91 3 61 39 7 42 91 37 11 56 88 64 32 48 69 12 75 33 43 86 22 75 24 42 66 41 1
93 52 26 7 15 5 67 45 71 81 58 61 83 27 97 62 62 9 76 15 98 68 56 12 65 54 4 38 53 56 37 45 93 6 55 28 34 90 0 50 34 36 1 1 87 5 20 43 55 66 83 23 84 67 73 67 8 1 74 30 99 46 34 99 73 84 29 81 95 6 99 18 73 33 32 17 58 54 15 88 100 63 69 11 25 65 91 66 32 40
93 49 37 54 96 25 94 59 11 83 99 8 75 14 74 0 47 42 34 65 28 51 66 25 34 7 88 34 10 96 24 15 91 1 25 46 62 100 71 6 46 94 72 89 48 79 4 54 93 93 70 42 92 21 9 8 16 66 29 45 36 39 3 57 45 22 51 100 82 34 23 33 94 31 39 40 95 97 76 86 13 31 19 20 13 3 56 6 40 67
95 92 15 76 50 50 25 55 48 55 91 5 51 17 16 91 29 20 93 70 34 27 14 1 90 15 28 13 35 78 13 82 36 68 62 85 87 38 45 1 44 50 39 23 67 27 5 42 75 22 39 84 4 22 54 56 47 2 85 23 40 30 57 4 99 6 55 94 83 4 21 85 21 64 28 26 69 96 54 84 13 89 61 30 0 78 60 77 12 28
95 81 89 34 20 30 61 76 16 28 90 6 19 17 61 64 73 98 85 99 54 15 6 21 17 39 15 68 82 23 81 87 15 0 49 35 68 23 59 53 96 42 53 70 74 100 41 88 99 34 87 62 61 74 60 77 7 70 24 98 98 78 60 75 23 24 96 92 17 92 39 41 49 5 6 49 33 63 99 67 72 25 33 38 51 65 48 17 11 15
95 10 57 31 61 2 17 5 6 100 47 32 0 59 8 4 35 68 54 91 66 63 20 6 70 11 94 53 72 8 72 84 21 39 11 31 97 85 40 95 21 93 17 26 25 85 1 81 62 41 55 71 50 80 44 74 24 61 21 92 16 40 88 78 28 3 52 38 31 0 73 73 57 24 37 92 51 25 30 65 56 13 85 22 42 0 8 40 40 32
96 58 80 66 40 19 85 5 50 55 61 90 54 95 96 23 25 41 75 91 19 75 89 63 66 40 8 46 99 99 34 72 25 23 14 86 85 57 30 26 88 12 11 91 93 81 29 58 99 36 77 87 85 28 92 42 8 63 69 9 78 16 85 85 87 94 41 54 18 21 33 62 73 89 56 59 8 34 26 5 71 0 26 86 82 46 44 3 71 12
97 91 30 19 62 87 14 34 91 35 80 72 66 38 7 84 80 7 5 61 41 98 95 14 48 8 37 35 29 5 7 18 44 47 98 36 66 20 100 95 17 0 100 31 71 82 36 21 89 16 68 72 99 26 89 17 33 76 81 12 16 72 29 60 46 53 73 5 54 37 8 97 43 55 15 29 99 34 47 91 87 18 25 28 22 99 64 60 90 33
97 45 31 61 91 17 37 38 84 83 20 34 49 58 89 28 90 5 44 24 71 23 75 82 20 42 52 72 82 13 48 73 11 26 62 46 42 83 97 82 34 93 92 62 62 17 41 13 87 14 15 69 87 69 71 16 32 27 89 87 98 44 38 3 98 69 60 36 69 16 28 78 41 62 25 46 60 36 34 22 47 56 30 56 61 75 28 18 35 76
98 89 35 55 29 51 84 34 9 62 79 78 12 8 57 18 21 78 67 28 81 5 66 75 10 4 67 49 78 15 36 61 51 31 68 51 1 8 37 63 59 43 10 82 27 27 85 67 29 83 31 83 25 99 15 13 0 14 91 30 21 35 32 80 86 86 62 71 98 13 30 55 5 25 68 70 61 26 91 29 90 100 40 13 10 12 41 83 67 4
100 41 66 14 93 33 60 53 44 14 54 65 53 73 75 68 73 43 26 72 96 72 86 51 12 13 33 25 29 16 24 88 37 59 59 71 74 96 92 21 67 61 18 4 68 84 44 16 42 82 6 74 72 70 48 23 19 7 24 65 44 41 69 40 20 43 97 43 38 10 54 98 2 53 19 51 96 40 50 32 83 81 49 85 99 44 79 84 40 55
100 40 2 67 6 19 60 61 98 50 16 13 84 68 48 85 26 40 95 18 90 24 14 46 25 88 1 67 58 37 87 44 52 82 9 20 28 50 36 93 59 38 50 66 9 67 18 10 100 50 46 12 39 91 91 36 54 52 51 68 94 95 83 70 28 92 100 43 42 16 20 98 76 67 93 32 97 37 57 63 41 100 2 53 40 55 81 93 46 23
