96 19 68 98 60 30 15 22 69 100 53 45 96 41 93 77 93 58 64 15
95 90 67 53 72 42 92 27 92 85 13 8 81 63 42 64 25 42 63 29
95 36 90 20 76 18 21 31 25 90 86 59 19 11 40 35 33 89 77 89
85 63 3 99 31 85 47 28 36 50 78 52 47 97 36 23 60 53 64 26
79 51 35 47 52 46 95 87 92 12 52 94 73 88 39 18 6 61 42 46
79 83 7 83 21 57 65 16 9 35 6 93 14 65 84 86 22 13 15 93
63 6 9 44 37 67 14 27 76 86 12 100 35 68 73 84 91 39 23 28
61 83 13 52 97 35 69 84 96 92 54 19 34 17 93 96 20 89 0 17
57 100 80 97 23 36 3 75 66 4 40 34 48 38 94 47 75 59 43 90
57 73 16 11 27 88 31 43 43 56 89 75 32 72 31 72 41 3 84 3
53 21 73 43 0 35 18 47 70 13 18 57 28 72 96 19 98 24 40 9
52 84 69 51 53 99 90 30 74 94 44 98 60 95 65 69 7 66 81 55
50 54 39 65 3 17 61 12 19 27 77 80 44 7 6 57 48 69 38 45
38 74 84 83 2 80 67 62 11 7 26 20 68 81 16 55 41 77 35 70
38 29 98 89 85 30 100 83 96 63 40 99 79 88 65 46 16 92 95 65
28 73 36 29 90 85 23 53 56 64 70 8 54 9 90 18 23 58 70 16
19 77 25 94 99 19 33 13 77 99 8 56 34 32 50 44 63 35 42 62
7 70 54 98 82 14 23 92 23 5 81 92 3 58 34 48 86 2 12 50
7 95 95 21 13 41 33 61 39 5 64 85 51 62 56 74 98 27 50 34
2 85 31 42 50 86 35 70 40 81 59 50 4 43 13 53 32 29 26 91
